----------Zerg Header----------
Version:   1
Sequence:  81
From:      1337
To:        6600
Type:      3
Length:    44
Latitude:  87.918287 deg. N
Longitude: -32.234523 deg. W
Bearing:  47.833332 deg.
Altitude:  23.786091 fathoms
Speed:     27.777779m/s
Accuracy:  5.000000m
